input data: sample.hol

format of sample.hol:
6 7
1 http://www1.hollins.edu/ 
2 http://www.hollins.edu/ 
3 http://www1.hollins.edu/Docs/CompTech/Network/webmail_faq.htm 
4 http://www1.hollins.edu/Docs/Forms/GetForms.htm 
5 http://www1.hollins.edu/Docs/misc/travel.htm 
6 http://www1.hollins.edu/Docs/GVCalendar/gvmain.htm
1 2
1 4
2 1
2 3
3 4
4 5
6 4

damping factor = 0.85
results for different times of Iteration PageRank:
1 [ .1666667 .1666667 .1666667 .1666667 .1666667 .1666667 ]
2 [ .1194444 .1194444 .1194444 .4027778 .1902778 .0486111 ]
3 [ .1027199 .1027199 .1027199 .2455671 .3943171 .0519560 ]
4 [ .1245176 .1245176 .1245176 .2559921 .2895937 .0808616 ]
5 [ .1189457 .1189457 .1189457 .293518 .2836190 .0660258 ]
6 [ .1157313 .1157313 .1157313 .2729571 .3146697 .0651794 ]
7 [ .1187640 .1187640 .1187640 .2725381 .3015917 .0695782 ]
8 [ .1182002 .1182002 .1182002 .2782911 .2993829 .0677255 ]
9 [ .1176477 .1176477 .1176477 .2756845 .3039600 .0674126 ]
10 [ .1180613 .1180613 .1180613 .2753624 .3023928 .0680610 ]
11 [ .1180150 .1180150 .1180150 .2762189 .3018971 .0678390 ]
12 [ .1179251 .1179251 .1179251 .2759010 .3025548 .0677687 ]
14 [ .1179784 .1179784 .1179784 .2759441 .3022838 .0678369 ]
13 [ .1179801 .1179801 .1179801 .2758199 .3023778 .0678619 ]
15 [ .1179644 .1179644 .1179644 .2759073 .3023761 .0678235 ]
16 [ .1179715 .1179715 .1179715 .2758912 .3023578 .0678366 ]
17 [ .1179719 .1179719 .1179719 .2759088 .3023415 .0678340 ]
18 [ .1179698 .1179698 .1179698 .2759048 .3023542 .0678317 ]
19 [ .1179707 .1179707 .1179707 .2759019 .3023526 .0678335 ]
20 [ .1179708 .1179708 .1179708 .2759044 .3023499 .0678333 ]
21 [ .1179705 .1179705 .1179705 .2759040 .3023516 .0678329 ]
22 [ .1179706 .1179706 .1179706 .2759035 .3023515 .0678331 ]
23 [ .1179706 .1179706 .1179706 .2759038 .3023511 .0678331 ]
24 [ .1179706 .1179706 .1179706 .2759038 .3023513 .0678331 ]